Matrix A:
1	31	48	28	36	16	
27	12	3	27	46	37	
2	4	5	6	24	26	
41	21	45	20	19	5	
2	13	36	33	5	41	
0	19	39	3	4	10	

Matrix B:
13	20	0	46	38	42	
29	31	18	41	2	32	
0	1	11	6	39	24	
7	27	39	24	34	22	
32	0	2	40	39	10	
49	26	47	32	24	2	

A x B: 
3044	2201	3002	4229	4712	3194	
4173	2606	3133	5424	4767	2718	
2226	1007	1631	2222	2043	756	
2135	2186	1926	4417	4896	4114	
2803	2436	3854	3145	3807	2222	
1190	969	1366	1565	2057	1670	

A + B: 
14	51	48	74	74	58	
56	43	21	68	48	69	
2	5	16	12	63	50	
48	48	84	44	53	27	
34	13	38	73	44	51	
49	45	86	35	28	12	
